0 40 4 20
1 40 4 20
2 40 4 20
3 40 4 20
4 40 4 20
5 40 4 20
6 40 4 20
7 40 4 20
8 40 4 20
9 40 4 20
10 40 4 20
11 40 4 20
12 40 4 20
13 40 4 20
14 40 4 20
15 40 4 20
16 40 4 20
17 40 4 20
18 40 4 20
19 40 4 20
20 40 4 20
21 40 4 20
22 40 4 20
23 40 4 20
24 40 4 20
25 40 4 20
26 40 4 20
27 40 4 20
28 40 4 20
29 40 4 20
30 40 4 20
31 40 4 20
32 40 4 20
33 40 4 20
34 40 4 20
35 40 4 20
36 40 4 20
37 40 4 20
38 40 4 20
39 40 4 20
0 40 8 20
1 40 8 20
2 40 8 20
3 40 8 20
4 40 8 20
5 40 8 20
6 40 8 20
7 40 8 20
8 40 8 20
9 40 8 20
10 40 8 20
11 40 8 20
12 40 8 20
13 40 8 20
14 40 8 20
15 40 8 20
16 40 8 20
17 40 8 20
18 40 8 20
19 40 8 20
20 40 8 20
21 40 8 20
22 40 8 20
23 40 8 20
24 40 8 20
25 40 8 20
26 40 8 20
27 40 8 20
28 40 8 20
29 40 8 20
30 40 8 20
31 40 8 20
32 40 8 20
33 40 8 20
34 40 8 20
35 40 8 20
36 40 8 20
37 40 8 20
38 40 8 20
39 40 8 20
0 40 12 20
1 40 12 20
2 40 12 20
3 40 12 20
4 40 12 20
5 40 12 20
6 40 12 20
7 40 12 20
8 40 12 20
9 40 12 20
10 40 12 20
11 40 12 20
12 40 12 20
13 40 12 20
14 40 12 20
15 40 12 20
16 40 12 20
17 40 12 20
18 40 12 20
19 40 12 20
20 40 12 20
21 40 12 20
22 40 12 20
23 40 12 20
24 40 12 20
25 40 12 20
26 40 12 20
27 40 12 20
28 40 12 20
29 40 12 20
30 40 12 20
31 40 12 20
32 40 12 20
33 40 12 20
34 40 12 20
35 40 12 20
36 40 12 20
37 40 12 20
38 40 12 20
39 40 12 20
0 40 16 20
1 40 16 20
2 40 16 20
3 40 16 20
4 40 16 20
5 40 16 20
6 40 16 20
7 40 16 20
8 40 16 20
9 40 16 20
10 40 16 20
11 40 16 20
12 40 16 20
13 40 16 20
14 40 16 20
15 40 16 20
16 40 16 20
17 40 16 20
18 40 16 20
19 40 16 20
20 40 16 20
21 40 16 20
22 40 16 20
23 40 16 20
24 40 16 20
25 40 16 20
26 40 16 20
27 40 16 20
28 40 16 20
29 40 16 20
30 40 16 20
31 40 16 20
32 40 16 20
33 40 16 20
34 40 16 20
35 40 16 20
36 40 16 20
37 40 16 20
38 40 16 20
39 40 16 20
